1.27829e-10	0.02	0.04	0.06	0.08	0.1	0.12	0.14	0.16	0.18	0.2	0.22	0.24	0.26	
0.26	0.26	0.26	0.26	0.26	0.26	0.24	0.24	0.22	0.2	0.18	0.14	0.06	1.27829e-10	

1.27829e-10	0.02	0.04	0.06	0.08	0.1	0.12	0.14	0.16	0.18	0.2	0.22	0.24	0.26	0.28	0.3	
0.32	0.32	0.3	0.3	0.3	0.3	0.3	0.28	0.28	0.26	0.24	0.22	0.2	0.16	0.1	1.27829e-10	

1.27829e-10	0.02	0.04	0.06	0.08	0.1	0.12	0.14	0.16	0.18	0.2	0.22	0.24	0.26	0.28	0.3	0.32	0.34	0.36	
0.36	0.36	0.36	0.36	0.36	0.36	0.36	0.34	0.34	0.32	0.32	0.3	0.28	0.26	0.24	0.2	0.14	0.02	1.27829e-10	

1.27829e-10	0.02	0.04	0.06	0.08	0.1	0.12	0.14	0.16	0.18	0.2	0.22	0.24	0.26	0.28	0.3	0.32	0.34	0.36	0.38	0.4	0.42	0.44	0.46	
0.38	0.38	0.38	0.38	0.38	0.38	0.38	0.38	0.38	0.36	0.36	0.34	0.36	0.32	0.34	0.34	0.32	0.3	0.28	0.2	0.16	0.16	0.02	1.27829e-10	

